62,35
14,5
10,35
10,267
10,132
10,210
10,188
10,272
10,194
10,122
11,22
11,26
11,6
11,18
11,29
11,16
11,2
11,3
9,6
9,4
8,17
8,18
8,4
8,10
12,2
12,1
12,3
42,6
42,5
42,4
42,3
42,1
41,4
41,3
41,1
40,71
40,70
40,69
40,68
40,67
40,66
40,65
40,64
40,37
40,36
40,35
40,34
40,33
40,32
40,31
40,30
40,29
40,28
40,27
40,26
40,25
40,24
40,23
40,22
40,21
40,20
40,19
40,18
40,17
40,8
40,7
40,6
40,5
40,4
40,3
40,1
39,3
39,1
38,7
38,5
38,4
38,3
38,1
37,4
37,3
37,1
36,3
36,1
35,5
35,4
35,3
35,1
34,3
34,1
33,4
33,3
33,1
32,5
32,4
32,3
32,1
31,4
31,3
31,1
20,3
20,2
20,1
19,3
19,2
19,1
18,3
18,1
14,1
14,4
14,3
13,3
13,1
11,30
